01111111111111111111111111111111
10001100000000000000000000000000
00100000001001110000000000000001
00100000010001110000000000000001
0010000000001110000000000001010
00100000011000000000000000000000
00100000100001110000000000000000
00001000000000000000000000001011
00100000001001000000000000000000
00000000000000000001000000100010
00001000000000000000000000000100
00010000011001111111111111111100
00000000100001000000100000100000
00000000011000110001000000100010
00001000000000000000000000001011
10101100111001000000000000000001
11111111111111111111111111111111
